1000
0 
0 
0 
3 3 2 1
4 1 4 2 3
1 5
2 2 3
7 6 1 4 2 5 3 7
0 
5 2 8 6 5 4
8 2 8 9 1 3 10 7 4
1 10
2 10 2
4 6 7 4 3
5 13 11 2 3 7
5 9 13 2 6 7
8 12 4 8 6 5 2 14 7
10 1 16 8 17 2 14 4 10 11 12
4 8 3 13 12
10 13 6 18 11 8 4 9 7 15 14
0 
0 
10 2 14 18 20 1 3 12 8 9 16
3 16 4 19
8 11 4 12 6 9 13 7 5
3 14 6 5
6 4 9 6 1 12 2
2 26 7
0 
2 9 18
0 
1 13
2 5 24
8 15 17 6 24 18 1 27 26
5 20 14 24 23 10
0 
4 29 17 12 3
0 
4 34 2 19 8
6 29 17 8 26 28 30
8 29 8 24 31 18 23 27 28
0 
7 34 39 35 42 14 3 5
5 36 29 35 15 8
2 14 4
2 33 20
2 31 20
2 38 34
0 
6 35 39 41 1 9 45
1 40
1 24
0 
1 36
4 10 33 12 49
3 22 37 4
1 7
4 52 9 13 11
3 33 1 45
6 21 22 42 26 7 56
2 8 23
1 31
6 62 43 31 54 57 37
3 16 15 58
2 32 25
6 40 60 52 6 27 7
0 
10 1 22 23 3 18 2 40 45 56 27
0 
6 65 34 3 33 50 58
10 29 55 42 19 59 40 43 44 61 37
4 50 9 7 63
7 65 59 60 35 2 3 71
8 62 47 21 38 31 11 20 24
6 31 62 28 9 18 11
3 5 60 7
2 61 36
4 13 30 27 12
10 51 55 66 34 8 14 54 73 9 32
3 60 35 16
7 31 76 75 49 79 33 37
10 8 16 65 28 74 17 26 18 10 21
6 5 4 57 51 30 74
1 48
3 34 80 22
3 25 51 53
9 45 66 23 69 50 51 38 84 42
2 12 39
10 23 29 63 72 16 25 82 38 77 7
7 45 61 42 67 76 77 46
3 77 63 24
1 58
4 29 23 49 45
8 30 91 11 75 47 45 76 23
9 51 22 14 7 93 91 21 30 43
7 94 85 19 45 11 69 53
8 12 49 46 76 3 89 16 73
2 31 34
6 83 91 79 98 32 25
10 75 34 12 1 57 43 14 9 88 72
10 24 97 21 71 15 70 10 63 43 81
0 
6 100 40 71 68 99 43
3 43 79 93
1 60
9 56 67 27 89 85 66 101 24 45
3 83 91 35
5 67 97 62 85 74
4 19 50 86 107
6 77 36 43 100 109 37
8 91 90 103 14 102 22 101 96
5 2 95 25 57 52
5 6 16 72 67 86
6 96 41 95 98 67 5
4 112 96 67 113
0 
0 
3 52 74 42
4 29 68 55 112
0 
2 116 52
5 102 31 87 25 71
6 10 73 55 20 41 85
6 80 28 27 29 92 111
9 60 94 6 110 21 98 35 31 118
3 34 117 16
4 111 45 62 82
10 89 1 47 48 119 109 38 66 46 78
1 85
6 83 90 105 86 84 33
3 66 116 82
9 65 78 109 30 102 129 114 29 130
7 28 16 104 40 130 21 53
9 40 2 122 36 9 62 41 77 25
4 95 72 124 26
10 120 95 17 98 122 118 56 33 34 44
8 105 43 61 8 103 83 59 15
5 125 21 45 66 105
7 6 23 94 106 73 100 43
2 44 62
10 87 52 35 138 139 21 82 55 99 119
5 139 17 31 106 114
5 27 86 42 126 121
6 66 128 80 48 132 51
8 113 81 110 26 139 8 23 121
1 72
6 84 45 145 100 5 97
0 
7 53 87 134 148 33 51 83
0 
8 79 40 132 82 31 131 145 86
7 145 151 31 111 17 98 6
3 114 56 131
9 78 39 101 43 149 61 119 112 146
2 87 35
4 45 102 97 65
10 115 83 146 93 112 120 100 56 97 50
8 49 91 137 89 28 144 37 64
8 135 45 145 92 73 46 1 43
1 99
4 21 113 132 65
2 71 45
4 23 37 133 150
6 88 100 15 96 47 13
0 
9 16 43 156 11 51 132 57 47 82
7 65 107 123 92 165 39 87
6 24 54 29 68 48 80
1 17
9 102 120 101 46 82 67 121 69 91
7 36 7 156 17 137 88 113
8 38 69 77 155 8 54 85 84
6 82 76 138 136 9 21
5 97 162 113 71 125
1 118
9 146 43 106 26 4 22 56 98 132
5 101 64 142 99 176
1 15
2 73 39
5 49 133 151 149 34
9 84 142 101 160 143 62 176 117 1
10 52 21 75 20 83 132 4 87 92 113
5 19 165 99 137 60
6 113 74 78 121 119 118
10 179 136 55 1 83 58 117 93 102 9
10 169 91 95 159 28 45 147 172 2 9
9 117 93 78 108 92 135 70 42 88
2 142 184
7 33 160 164 184 16 10 159
8 139 97 154 183 142 1 40 98
2 25 166
9 106 137 143 141 55 161 157 136 139
2 71 7
0 
8 67 52 73 83 118 130 193 20
9 143 152 67 170 41 189 31 42 3
6 169 116 79 136 175 77
6 195 97 171 50 26 196
6 38 6 34 19 168 177
5 127 132 191 60 195
8 89 148 65 17 134 133 66 60
7 196 47 51 50 114 197 58
9 46 99 193 187 30 143 49 119 17
8 185 12 78 196 111 26 182 32
10 95 15 197 98 110 170 53 160 199 60
1 192
7 133 164 169 119 118 199 68
6 143 56 119 135 131 96
4 128 15 182 119
7 170 194 37 50 157 6 107
2 111 44
4 6 171 36 172
1 67
1 31
7 181 164 45 87 183 150 160
6 70 39 121 214 6 160
10 59 135 213 116 85 152 204 206 155 41
10 216 41 103 183 96 50 112 147 151 167
1 9
2 100 212
0 
6 106 5 141 57 110 6
8 90 48 165 60 93 161 99 155
9 34 24 198 199 141 8 212 65 51
7 3 9 59 32 108 112 39
10 46 68 48 49 52 54 73 158 148 120
2 108 123
9 203 205 126 223 42 184 84 175 17
4 137 216 174 111
8 188 51 29 2 197 226 143 48
4 75 112 46 155
7 57 196 85 146 179 51 41
9 104 180 62 49 191 40 76 70 168
1 35
5 23 195 205 174 108
7 99 76 216 34 144 160 231
5 72 87 32 199 206
9 224 66 233 79 50 51 181 89 129
0 
7 115 2 92 227 126 143 5
9 221 99 67 80 63 91 202 59 131
4 74 51 62 86
3 71 27 3
0 
9 116 3 94 172 110 112 140 168 190
2 193 126
7 245 188 190 220 50 165 177
9 161 162 141 174 55 96 118 40 235
10 189 186 44 84 158 167 48 227 113 225
5 194 112 28 49 183
9 116 120 227 143 75 30 207 191 31
3 183 51 46
0 
4 169 28 143 191
6 242 211 89 204 10 18
5 220 219 183 30 145
10 64 170 51 224 15 199 33 159 69 5
2 174 90
7 83 126 205 54 212 159 57
8 230 121 231 113 55 109 138 204
4 143 214 70 4
1 115
1 222
1 153
9 57 194 261 158 175 67 86 195 19
10 87 67 157 103 90 245 79 235 108 134
8 160 84 129 250 102 240 215 151
2 254 241
2 156 113
3 74 145 165
10 52 209 252 219 143 56 103 70 4 110
5 75 146 144 228 87
0 
7 238 64 37 102 108 115 71
8 97 254 174 164 250 188 39 136
1 183
3 201 22 267
7 26 145 3 157 130 117 61
8 134 207 148 92 119 8 42 3
9 269 109 116 16 234 5 199 128 100
9 225 234 10 27 226 280 23 76 175
2 71 171
4 53 209 262 165
8 121 25 10 68 145 88 275 55
0 
2 170 50
9 28 254 50 75 197 147 213 84 67
10 144 259 54 153 110 163 284 129 253 287
10 249 20 121 46 159 110 284 58 269 23
6 212 177 131 184 13 149
0 
4 56 209 140 51
7 89 210 77 91 114 184 222
3 128 66 229
7 95 194 278 293 91 162 149
6 206 257 160 284 48 163
8 77 249 188 256 130 46 41 225
1 119
3 65 60 131
10 91 116 214 235 289 36 77 218 42 134
9 293 91 280 261 19 117 253 173 31
4 225 127 154 204
4 131 283 218 34
6 97 281 16 256 148 280
2 108 238
8 273 89 77 238 33 305 139 281
0 
3 19 51 224
7 192 52 131 135 227 45 28
5 196 248 218 17 175
8 139 11 248 53 117 154 258 271
7 8 63 227 191 113 58 237
1 140
10 274 212 88 309 59 302 81 134 78 185
2 160 293
5 143 194 189 272 105
5 38 31 65 17 267
2 241 20
8 51 222 145 21 106 288 132 27
8 283 180 261 39 135 35 265 138
2 173 101
4 30 121 109 211
4 185 264 194 129
9 183 122 76 104 105 58 209 64 151
8 169 321 23 293 179 154 256 130
1 86
6 127 313 266 22 184 4
9 194 258 189 224 226 5 137 274 165
0 
10 27 170 26 130 181 203 5 244 251 205
5 7 21 77 307 141
8 294 237 21 95 23 119 98 204
0 
1 26
1 6
6 320 75 201 84 229 184
4 110 250 275 5
9 334 159 6 321 319 120 180 142 304
10 233 141 119 124 122 60 44 256 250 169
7 259 49 296 331 222 22 229
1 237
9 291 193 132 48 162 334 16 332 235
4 233 36 300 139
8 221 246 255 124 18 325 301 337
2 200 186
3 43 118 100
6 200 173 65 107 99 42
6 23 246 107 257 249 161
6 312 306 126 154 9 20
6 264 56 321 223 7 334
9 220 51 105 286 95 71 228 255 5
1 324
3 113 275 216
5 286 136 137 172 23
9 117 319 310 267 257 115 94 264 139
9 354 25 119 290 182 192 226 63 206
10 254 333 159 222 219 211 89 352 128 175
6 235 289 21 348 321 337
10 208 38 238 276 105 225 316 259 141 265
9 31 152 266 27 350 202 9 81 226
5 295 312 294 247 35
5 327 245 321 215 291
8 342 84 257 250 63 32 71 12
10 127 11 130 88 306 173 94 256 319 133
4 301 116 252 313
3 243 306 311
3 166 25 332
7 184 91 8 279 284 362 18
1 252
1 264
1 287
2 76 160
2 138 199
0 
8 251 198 77 333 269 351 207 211
1 295
7 57 118 237 336 209 292 220
2 101 104
5 157 222 86 280 94
4 322 35 354 142
9 360 71 3 2 56 189 148 96 319
6 276 122 68 293 11 14
5 222 85 19 98 304
4 87 321 185 178
1 197
7 32 165 287 37 47 336 65
8 349 105 310 279 304 224 235 42
9 8 9 194 44 237 96 302 187 57
9 332 99 293 313 211 17 60 218 337
4 240 112 340 132
2 48 316
8 256 108 146 154 195 285 140 318
2 371 184
6 107 228 10 16 372 328
8 353 197 21 303 167 370 282 304
5 251 288 260 352 96
6 285 184 94 248 43 119
10 194 201 95 139 393 16 70 229 318 179
3 317 110 120
6 324 272 106 293 317 86
0 
8 21 34 84 172 370 389 110 276
6 92 80 87 371 227 11
10 148 285 173 304 210 187 33 338 171 240
1 182
6 269 299 67 268 271 283
0 
10 244 262 99 136 223 59 305 140 134 152
2 348 143
6 130 246 133 309 65 369
5 386 118 114 85 262
2 214 253
7 292 38 276 52 400 115 69
7 377 290 253 244 363 77 72
0 
5 208 331 371 143 261
7 132 395 3 63 12 225 129
0 
6 8 413 400 165 106 136
4 43 406 245 411
6 165 358 279 17 134 212
2 200 227
0 
3 259 112 155
5 219 347 29 308 293
9 147 103 241 74 15 418 77 369 95
5 36 314 117 104 422
3 54 277 5
2 56 428
5 243 62 83 387 288
5 324 15 90 193 158
7 386 356 252 41 126 181 121
2 351 310
4 184 123 325 180
8 358 83 86 88 167 65 188 405
4 232 90 317 141
5 106 298 364 407 205
5 369 260 61 300 367
6 282 128 42 178 92 86
7 380 261 206 196 265 149 285
8 290 396 413 330 104 238 213 318
7 324 307 227 43 390 137 212
10 306 123 36 52 390 266 90 333 253 77
7 108 323 133 260 62 91 185
4 190 163 375 318
5 78 382 48 431 132
10 138 35 407 371 350 335 47 386 3 36
2 432 409
1 109
2 11 43
10 411 329 342 110 410 283 260 278 139 53
5 407 40 319 52 387
6 286 372 428 424 342 151
3 196 352 63
1 369
1 248
2 149 228
9 306 173 298 187 419 390 69 263 278
0 
5 328 127 386 249 424
2 23 80
1 325
7 77 388 207 459 401 363 232
4 285 459 239 82
8 329 172 445 328 353 243 94 145
9 350 207 360 51 428 285 386 203 307
1 416
6 462 337 117 228 144 158
4 400 30 266 199
6 186 181 228 335 3 432
6 163 278 87 244 144 470
6 2 271 313 415 309 203
8 194 471 84 363 32 207 26 40
5 2 452 336 18 473
10 170 164 76 229 336 163 402 448 198 239
4 222 246 466 57
7 183 133 273 155 227 110 468
0 
5 227 299 166 106 290
7 196 221 104 450 375 179 159
1 479
7 440 462 379 284 268 310 344
9 460 263 422 440 469 19 224 81 88
5 380 435 400 238 247
9 68 306 470 332 62 296 415 265 386
3 5 62 255
9 56 119 51 370 294 213 110 426 233
8 189 280 218 455 234 66 390 428
10 4 76 237 470 176 146 369 117 438 203
5 449 288 388 323 99
7 317 67 105 277 26 296 252
1 448
7 188 25 437 461 165 122 55
9 50 166 136 412 135 154 84 398 192
6 322 314 194 2 40 207
7 223 78 182 100 366 339 180
7 397 17 237 87 9 10 332
2 394 32
9 102 353 344 442 400 428 286 194 275
9 71 220 337 392 192 483 409 143 315
4 50 157 269 182
5 291 410 240 361 242
9 345 178 167 122 140 461 491 106 30
5 3 31 275 367 457
6 54 344 204 327 153 230
9 60 404 69 298 144 394 120 179 405
0 
7 187 13 120 181 177 99 43
2 50 386
2 272 292
7 29 21 279 240 205 295 55
10 344 53 507 138 170 267 102 125 291 317
7 116 27 460 459 74 512 230
8 431 123 329 212 446 348 316 84
5 474 188 253 407 348
1 225
4 408 331 16 41
10 183 271 221 495 53 128 179 490 494 422
5 497 190 184 387 128
0 
5 182 107 390 140 285
0 
7 209 196 309 406 398 496 447
4 92 338 294 515
10 227 362 476 427 6 198 337 73 383 137
9 75 408 422 447 49 513 343 285 31
8 330 509 436 209 167 112 36 42
3 376 98 518
9 257 377 459 484 331 29 188 246 320
9 412 340 257 118 59 339 468 188 345
5 375 380 341 204 373
7 37 372 18 23 423 102 414
8 15 518 484 328 512 215 1 398
0 
4 119 455 311 163
8 143 425 329 492 475 396 454 503
6 281 37 69 177 59 463
4 501 524 434 100
9 176 30 351 162 104 14 381 486 366
8 416 250 385 317 146 412 471 1
10 407 512 251 347 100 92 419 189 63 360
6 132 470 366 169 142 49
8 23 278 15 362 421 310 282 170
7 419 47 34 196 407 491 287
8 351 284 176 117 3 129 352 118
0 
7 27 224 70 28 25 115 370
3 129 316 162
9 307 403 55 241 29 144 37 155 232
3 341 271 117
3 289 18 516
2 219 222
8 191 167 454 274 522 141 215 219
4 158 231 202 13
4 307 115 121 206
1 446
5 250 98 530 354 94
2 163 430
0 
1 557
3 159 125 287
3 208 354 20
8 29 77 356 198 295 47 417 114
2 201 487
6 441 423 114 393 164 424
2 270 76
5 172 162 512 443 296
10 424 62 90 524 206 352 153 117 269 357
6 179 29 200 332 99 556
9 384 42 183 105 31 412 12 238 495
2 233 455
7 169 6 117 18 433 379 309
2 412 125
5 443 401 81 224 50
5 381 418 463 240 56
5 347 81 469 98 342
9 558 201 505 548 374 424 369 516 291
3 234 105 405
10 98 4 567 97 215 25 90 436 262 559
9 226 339 367 544 534 384 442 269 48
5 508 372 86 407 27
6 270 86 77 112 368 397
8 179 422 295 503 271 274 156 322
5 51 276 384 256 517
8 363 496 405 546 110 571 196 330
10 487 388 474 301 504 48 473 147 179 302
1 365
0 
8 110 533 97 232 482 481 155 396
9 466 28 423 233 472 53 294 194 45
1 37
8 80 372 271 141 185 153 55 474
9 222 421 55 493 419 149 219 69 535
3 485 267 34
10 430 442 91 130 274 527 251 116 85 277
2 31 568
1 149
8 320 407 347 217 431 216 205 500
9 395 93 570 388 131 390 575 376 448
10 260 466 85 454 431 35 381 190 388 583
7 375 83 92 55 24 135 334
10 523 452 220 253 299 393 387 465 388 365
2 420 117
0 
0 
7 486 339 231 75 517 96 67
7 149 392 37 554 238 368 268
6 231 397 513 168 189 301
8 136 217 513 365 250 239 168 62
0 
8 132 199 352 402 399 46 152 532
8 238 395 459 374 593 463 543 363
3 612 99 186
5 446 347 313 596 542
8 200 256 239 301 101 100 477 427
10 570 282 514 153 370 512 304 429 394 267
7 78 330 587 274 374 45 562
8 396 39 266 146 42 382 432 487
3 333 441 91
2 53 160
3 254 90 253
7 404 37 420 411 116 26 43
8 488 315 244 64 45 417 63 377
2 548 146
10 482 261 483 411 208 179 98 8 7 551
2 302 17
6 593 358 2 255 549 413
9 444 544 277 76 45 311 577 419 457
2 269 198
6 103 150 105 343 213 38
5 548 514 393 415 130
2 191 219
3 9 523 335
6 511 620 52 207 566 377
1 156
6 298 464 211 310 459 187
2 35 36
9 179 225 334 336 473 532 391 381 123
8 50 63 387 5 70 384 487 201
1 128
2 248 532
7 121 103 33 550 533 14 237
4 255 391 562 376
2 558 361
5 523 66 313 208 453
7 114 496 151 303 12 624 243
5 360 85 388 589 642
0 
5 139 24 247 214 582
6 296 467 642 79 2 140
9 104 110 24 183 358 88 308 87 592
10 119 110 439 191 421 6 187 243 41 139
2 541 152
8 593 327 170 50 367 338 592 254
2 597 456
9 15 215 371 26 326 513 89 538 34
2 536 142
10 512 170 107 346 496 109 180 503 178 441
2 98 299
5 318 506 12 640 22
10 63 268 511 283 325 110 340 395 51 481
0 
0 
7 77 390 141 337 89 473 315
1 546
10 601 543 428 420 429 418 388 218 355 387
9 579 547 436 455 520 289 354 460 63
1 478
0 
4 472 302 110 410
6 558 516 133 168 345 31
7 542 79 95 18 67 465 66
10 122 125 464 93 325 22 651 355 103 247
10 563 120 271 327 315 399 358 642 285 289
8 579 53 185 87 489 456 371 542
6 9 126 243 552 95 465
10 529 407 13 294 675 269 45 76 428 40
8 166 144 141 474 610 248 260 572
5 46 360 259 482 10
10 438 243 657 538 464 274 597 543 502 104
4 515 419 532 172
5 21 592 517 166 383
0 
5 254 419 536 505 176
10 409 622 580 355 158 624 215 362 115 37
9 219 558 200 3 349 575 159 443 19
1 616
1 103
3 91 576 566
3 445 684 341
9 609 433 521 209 140 302 204 190 575
7 674 59 271 399 422 97 515
2 231 10
4 145 675 500 594
8 143 42 138 422 128 54 370 654
9 287 668 564 362 521 192 613 358 225
7 644 460 188 259 73 53 344
7 656 145 289 15 385 10 357
6 408 574 405 657 126 624
2 456 120
6 144 172 662 77 494 361
9 260 637 33 259 328 334 6 335 460
8 638 302 230 651 43 348 576 584
3 210 86 181
9 274 73 567 14 521 1 63 155 653
0 
4 653 153 261 593
10 362 242 335 587 293 264 126 364 203 535
4 334 620 13 359
8 332 539 176 471 410 113 681 580
0 
9 688 105 61 22 514 439 654 601 549
10 670 292 157 310 136 267 229 3 207 463
7 38 294 359 196 531 703 253
10 609 38 337 682 604 35 174 114 523 180
5 242 360 111 102 636
1 420
9 51 204 700 653 198 35 195 304 576
3 298 333 447
7 526 132 329 28 601 298 363
7 110 579 425 329 457 621 696
1 627
9 68 432 117 307 562 415 183 545 167
8 502 278 41 265 547 344 713 205
8 481 302 644 319 432 693 361 654
5 674 400 638 558 610
1 136
9 717 654 285 9 633 53 246 569 669
3 316 686 21
7 659 45 575 509 485 588 293
9 240 447 83 86 415 450 510 625 232
4 186 45 556 330
3 568 531 579
4 391 139 160 372
1 372
0 
3 342 448 105
6 634 651 17 307 46 35
2 507 663
9 67 35 413 58 166 104 220 191 101
2 398 706
7 112 564 560 394 695 529 607
8 714 16 636 719 11 721 461 49
0 
6 560 151 340 418 452 646
0 
7 159 527 447 440 7 507 128
2 434 467
3 531 740 406
7 747 597 318 215 622 418 355
10 387 51 671 719 508 645 292 673 400 173
8 502 733 450 237 643 492 721 242
0 
2 32 534
2 175 473
2 236 290
0 
1 703
2 176 325
7 720 115 195 31 492 487 538
3 212 642 142
3 252 174 362
2 65 127
4 693 405 188 3
0 
9 485 665 609 362 275 405 757 177 699
9 661 274 157 112 395 660 648 280 380
10 393 405 485 50 757 74 695 319 272 97
1 150
6 79 13 307 161 120 117
0 
10 569 604 546 526 322 42 394 707 613 473
1 193
5 585 371 236 609 194
8 329 455 1 367 629 600 378 761
10 202 468 519 758 630 495 596 367 701 456
5 292 316 470 417 637
2 541 199
2 767 287
7 724 155 328 607 57 369 56
7 270 125 580 379 635 548 763
2 780 617
9 250 257 609 294 142 134 527 80 467
2 672 247
3 548 734 276
1 36
5 574 668 214 278 252
2 717 291
2 520 44
10 660 429 479 403 592 501 233 263 46 73
10 580 392 207 10 434 640 287 430 365 410
8 82 767 63 140 622 371 788 300
0 
10 215 598 378 302 283 166 404 13 501 357
4 687 41 468 194
10 50 769 793 577 682 548 673 690 392 612
2 67 733
6 483 554 389 706 207 110
3 554 272 276
6 700 502 419 497 376 26
8 554 467 119 74 429 388 756 126
1 623
9 264 713 24 362 139 88 582 511 198
5 437 306 577 408 360
8 167 754 580 778 509 799 790 320
8 216 698 292 425 466 607 722 211
6 482 335 122 232 67 548
1 757
4 122 683 90 378
5 438 198 574 78 166
10 78 242 766 206 257 514 56 447 53 648
0 
3 747 151 796
3 710 676 520
1 771
6 757 426 201 668 158 348
2 813 653
8 303 445 393 127 365 618 74 354
9 377 650 602 206 761 370 111 535 226
2 529 705
5 188 28 595 463 597
5 254 543 333 268 701
9 180 368 182 346 46 111 88 383 450
3 603 616 363
8 448 473 145 113 55 567 168 206
6 290 717 26 525 401 659
0 
1 721
8 478 488 98 705 523 353 371 660
4 155 572 8 819
6 665 183 649 13 301 596
4 790 751 16 503
6 544 383 56 569 10 432
0 
2 539 769
3 647 624 799
3 718 165 551
7 174 373 797 535 544 507 363
10 532 38 784 163 708 166 828 624 457 125
1 383
5 772 727 806 29 508
10 375 523 9 817 757 447 756 159 227 309
0 
2 740 63
1 56
1 749
2 840 630
7 325 716 254 554 292 586 399
9 309 417 3 673 315 113 151 766 506
8 33 436 183 539 365 295 411 711
3 567 841 834
4 172 621 426 476
4 627 34 102 392
9 378 431 720 649 757 180 531 688 235
4 431 339 296 726
3 51 380 834
10 66 796 773 631 705 501 762 663 71 653
2 30 802
9 29 21 433 54 550 780 495 855 117
0 
2 504 216
10 404 791 240 201 784 513 244 130 588 601
4 376 755 55 254
0 
6 552 863 95 493 159 838
10 38 112 636 334 567 533 650 671 732 453
3 638 523 303
1 542
1 45
0 
4 690 288 103 20
1 864
2 385 631
3 745 584 25
5 464 440 313 175 125
10 325 756 413 843 582 617 729 596 231 689
6 413 690 412 725 89 643
2 510 345
5 38 525 189 192 838
6 525 469 239 59 506 650
6 657 541 372 494 51 393
4 196 518 444 494
2 764 560
4 248 140 586 206
9 140 186 536 311 784 87 300 367 814
10 750 18 780 135 591 851 607 91 645 173
9 90 306 88 409 65 750 657 377 729
8 308 877 363 273 264 498 147 309
8 39 614 869 818 537 356 336 432
10 684 494 539 99 863 538 131 643 704 93
3 386 600 543
0 
9 837 137 376 348 658 507 357 760 124
3 29 497 613
4 136 45 570 20
2 395 24
1 484
4 462 552 292 600
8 97 229 187 780 634 694 291 797
3 202 205 605
8 696 836 470 300 412 224 634 227
2 741 157
6 580 650 627 804 616 394
6 127 202 519 309 406 126
6 625 403 347 214 685 75
6 809 367 215 6 456 785
2 879 631
8 296 811 755 732 361 656 354 396
3 296 416 736
8 198 470 670 741 355 699 392 329
1 607
2 763 631
0 
10 405 636 249 223 306 339 150 601 429 34
7 546 608 657 644 7 744 649
5 469 29 762 626 183
4 366 162 350 287
0 
6 618 733 547 835 858 308
0 
8 303 25 132 840 869 107 216 278
10 18 316 122 827 742 652 433 879 475 277
9 896 151 807 574 905 613 809 393 42
0 
5 156 751 57 924 872
9 686 267 639 75 477 83 250 319 831
7 418 852 129 33 719 877 819
4 623 864 32 827
7 255 310 71 842 231 692 184
5 559 608 263 202 786
9 448 788 320 321 176 738 926 459 907
8 276 718 406 317 738 847 436 638
6 703 572 238 417 566 906
4 509 367 142 889
6 644 925 54 548 683 856
9 21 383 717 294 491 856 677 526 103
6 439 124 123 412 661 292
0 
4 207 239 701 87
5 178 230 250 810 329
0 
2 601 25
2 853 686
0 
3 171 823 349
10 222 313 146 96 421 934 233 723 334 495
8 749 184 277 764 795 611 1 372
9 161 752 835 499 491 292 330 239 908
6 374 652 703 351 220 471
7 862 271 80 51 818 356 634
5 436 377 409 613 201
0 
10 156 792 291 111 832 822 701 321 350 550
10 182 614 183 496 912 509 7 578 32 545
5 693 413 862 144 478
7 390 722 162 4 690 885 120
9 263 345 914 289 868 437 952 530 212
3 570 217 447
10 14 833 637 889 59 149 361 725 480 194
2 678 12
9 90 507 187 583 275 368 428 208 183
3 949 142 637
4 725 320 20 367
9 554 124 784 359 26 227 437 676 947
5 764 564 906 353 890
10 103 700 181 957 396 401 535 293 390 870
5 601 925 362 39 889
6 849 393 36 183 71 439
6 562 62 138 941 274 746
1 606
5 774 32 742 439 952
0 
6 388 494 791 497 401 775
9 679 536 164 882 349 127 800 866 813
9 771 949 609 825 418 199 893 874 716
3 231 97 594
4 14 766 235 453
5 566 239 765 316 345
6 921 413 462 49 229 693
6 830 695 476 121 14 931
8 791 483 884 347 387 418 173 413
2 777 648
1 675
6 954 442 490 41 836 228
2 608 184
10 802 589 334 256 661 985 454 529 298 599
3 684 882 264
10 677 567 2 283 375 65 343 145 292 247
7 210 19 566 705 397 70 131
4 507 825 537 131
8 198 748 440 257 837 243 572 172
1 523
0 
7 391 784 690 676 735 175 424
0 
10 310 43 942 993 95 712 135 348 130 261
0 
8 808 8 114 745 805 180 481 567
7 47 367 12 637 700 548 984
7 734 538 800 510 634 361 21